0,503
0,502
0,501
0,500
0,499
0,498
0,472
68,35
0,273
0,270
10,316
10,8
10,22
10,6
10,18
10,152
10,124
10,94
11,21
11,10
11,18
11,29
9,4
9,6
8,18
8,7
8,17
8,9
8,11
67,3
67,2
67,1
67,0
65,4
65,3
65,2
65,1
65,0
20,2
20,1
12,3
20,3
12,2
12,1
11,30
11,26
11,25
11,24
11,23
11,20
11,16
19,2
19,1
11,14
11,12
11,11
11,9
11,8
11,3
19,3
11,2
11,1
10,305
10,304
10,282
10,277
10,272
10,220
10,201
10,186
10,176
10,134
10,133
18,1
10,129
18,3
10,127
10,75
10,1
14,1
10,23
10,3
14,3
13,1
10,2
9,7
9,1
9,5
9,3
13,3
9,2
8,15
8,14
8,13
8,12
8,5
8,1
8,4
8,3
2,2
2,1
